6.61819e-005 -1.25743e-005 -2.11233e-007 2.9032e-008 1.34416e-009 -1.08681e-010 4.16023e-012 6.87073e-012 -2.34242e-013 -3.20698e-012 -4.02789e-012 -3.80565e-012 -3.1034e-012 -2.2759e-012 -1.53142e-012 -9.66714e-013 -6.02505e-013 -4.15549e-013 -3.62802e-013 -3.98106e-013 -4.81006e-013 -5.80652e-013 -6.76423e-013 -7.55855e-013 -8.14021e-013 -8.49114e-013 -8.64207e-013 -8.60929e-013 -8.45398e-013 -8.18215e-013 -7.87036e-013 -7.48743e-013 -7.13525e-013 -6.72266e-013 -6.40457e-013 -5.99893e-013 -5.7594e-013 -5.36304e-013 -5.23111e-013 -4.82282e-013 
0.00212442 2.74265e-005 -1.49585e-006 -8.20255e-008 3.74172e-009 4.77558e-010 -3.51661e-011 -9.53079e-012 3.03548e-012 5.70175e-012 5.94732e-012 5.11817e-012 3.86168e-012 2.61772e-012 1.62072e-012 9.49036e-013 5.84211e-013 4.60009e-013 4.97165e-013 6.23442e-013 7.83162e-013 9.38311e-013 1.06744e-012 1.16024e-012 1.2161e-012 1.23744e-012 1.23156e-012 1.20337e-012 1.16173e-012 1.10868e-012 1.05378e-012 9.93322e-013 9.3958e-013 8.81067e-013 8.36166e-013 7.82667e-013 7.50386e-013 7.00692e-013 6.83355e-013 6.33511e-013 
0.0060018 0.000231008 4.39179e-006 -2.01211e-007 -1.67418e-008 5.77054e-010 1.45271e-010 1.11135e-012 -5.41822e-012 -6.08407e-012 -6.05636e-012 -5.04718e-012 -3.68536e-012 -2.428e-012 -1.48118e-012 -8.88615e-013 -6.04321e-013 -5.4544e-013 -6.25636e-013 -7.72998e-013 -9.35664e-013 -1.0813e-012 -1.19355e-012 -1.26657e-012 -1.3027e-012 -1.30629e-012 -1.28561e-012 -1.24577e-012 -1.19556e-012 -1.13655e-012 -1.07785e-012 -1.01525e-012 -9.60604e-013 -9.0196e-013 -8.57552e-013 -8.04751e-013 -7.73337e-013 -7.24604e-013 -7.07869e-013 -6.59098e-013 
0.0115978 0.00069189 3.2052e-005 7.82205e-007 -3.19914e-008 -3.71006e-009 5.90639e-011 3.25704e-011 7.16419e-012 8.51683e-012 8.33163e-012 6.56518e-012 4.53702e-012 2.81723e-012 1.61115e-012 9.24623e-013 6.58894e-013 6.8005e-013 8.62182e-013 1.10679e-012 1.34784e-012 1.54717e-012 1.68893e-012 1.77039e-012 1.79893e-012 1.78341e-012 1.73671e-012 1.66714e-012 1.58643e-012 1.49747e-012 1.41134e-012 1.32315e-012 1.24701e-012 1.16815e-012 1.10843e-012 1.04005e-012 9.98816e-013 9.37548e-013 9.15884e-013 8.55602e-013 
0.018818 0.00149938 0.000102569 5.50753e-006 1.63873e-007 -5.84781e-009 -8.89405e-010 5.9707e-012 1.79164e-013 -9.84289e-012 -8.80783e-012 -6.35816e-012 -4.08668e-012 -2.36483e-012 -1.2994e-012 -8.13059e-013 -7.42675e-013 -9.17136e-013 -1.19686e-012 -1.48612e-012 -1.72951e-012 -1.90262e-012 -2.00196e-012 -2.03493e-012 -2.01577e-012 -1.95761e-012 -1.87537e-012 -1.7779e-012 -1.67645e-012 -1.57307e-012 -1.47757e-012 -1.38393e-012 -1.30537e-012 -1.22586e-012 -1.16708e-012 -1.10009e-012 -1.06072e-012 -1.00154e-012 -9.81197e-013 -9.23254e-013 
0.0275737 0.00273864 0.00024344 1.8741e-005 1.14192e-006 4.01152e-008 -1.26172e-009 -2.47562e-010 1.26574e-011 1.64128e-011 1.12896e-011 7.85004e-012 4.92743e-012 2.7841e-012 1.53171e-012 1.02231e-012 1.01827e-012 1.29271e-012 1.67155e-012 2.04067e-012 2.33844e-012 2.54038e-012 2.64709e-012 2.67054e-012 2.63035e-012 2.54347e-012 2.42874e-012 2.29717e-012 2.16228e-012 2.02679e-012 1.90211e-012 1.78115e-012 1.67956e-012 1.57776e-012 1.50222e-012 1.417e-012 1.36663e-012 1.29171e-012 1.26576e-012 1.19263e-012 
0.0377822 0.00449102 0.000488531 4.80169e-005 4.10735e-006 2.80209e-007 1.14343e-008 -3.09528e-010 -9.81511e-011 -1.65075e-011 -1.05697e-011 -7.35104e-012 -4.12812e-012 -2.03543e-012 -1.08505e-012 -9.51324e-013 -1.28622e-012 -1.8101e-012 -2.33614e-012 -2.76195e-012 -3.04789e-012 -3.19388e-012 -3.22133e-012 -3.15828e-012 -3.035e-012 -2.87465e-012 -2.69894e-012 -2.51944e-012 -2.34856e-012 -2.18778e-012 -2.0461e-012 -1.91492e-012 -1.80807e-012 -1.70417e-012 -1.62923e-012 -1.54551e-012 -1.49757e-012 -1.42543e-012 -1.40132e-012 -1.33141e-012 
0.049366 0.00683435 0.000878043 0.000104301 1.12457e-005 1.05886e-006 8.00605e-008 3.75347e-009 -5.51606e-011 -1.01918e-011 1.3245e-011 9.13934e-012 4.84402e-012 2.49882e-012 1.58003e-012 1.57457e-012 2.04891e-012 2.67956e-012 3.26676e-012 3.71163e-012 3.98583e-012 4.10013e-012 4.08569e-012 3.97647e-012 3.80731e-012 3.60282e-012 3.38641e-012 3.16926e-012 2.96427e-012 2.77217e-012 2.60248e-012 2.44494e-012 2.31571e-012 2.18893e-012 2.09702e-012 1.99258e-012 1.93297e-012 1.84098e-012 1.81072e-012 1.72038e-012 
0.0622533 0.00984327 0.00145852 0.000202709 2.61736e-005 3.07573e-006 3.1654e-007 2.63067e-008 1.36288e-009 -4.27133e-011 -2.63187e-011 -8.25135e-012 -3.36848e-012 -1.53675e-012 -1.21887e-012 -1.80769e-012 -2.76158e-012 -3.70777e-012 -4.45211e-012 -4.92818e-012 -5.14673e-012 -5.15465e-012 -5.01116e-012 -4.76999e-012 -4.4785e-012 -4.1676e-012 -3.86347e-012 -3.57707e-012 -3.31941e-012 -3.08947e-012 -2.89304e-012 -2.71855e-012 -2.57883e-012 -2.44656e-012 -2.35277e-012 -2.24813e-012 -2.18993e-012 -2.09978e-012 -2.07101e-012 -1.98319e-012 
0.0763772 0.0135895 0.00228286 0.000363258 5.44892e-005 7.61293e-006 9.69897e-007 1.08545e-007 9.90993e-009 6.11298e-010 1.09226e-011 2.99422e-012 3.7146e-012 2.38214e-012 2.37833e-012 3.29957e-012 4.45791e-012 5.46354e-012 6.15963e-012 6.52361e-012 6.60432e-012 6.47337e-012 6.20538e-012 5.85921e-012 5.48379e-012 5.10654e-012 4.75132e-012 4.4243e-012 4.13415e-012 3.87673e-012 3.65652e-012 3.45953e-012 3.30041e-012 3.14629e-012 3.03655e-012 2.90885e-012 2.83877e-012 2.72361e-012 2.68824e-012 2.57289e-012 
0.0916762 0.0181424 0.00341041 0.000611683 0.000104456 1.68597e-005 2.53871e-006 3.49093e-007 4.22361e-008 4.16199e-009 2.61413e-010 -7.39213e-012 -5.24558e-012 -1.81184e-012 -2.61531e-012 -4.39675e-012 -6.10274e-012 -7.38251e-012 -8.14749e-012 -8.44232e-012 -8.37439e-012 -8.05911e-012 -7.60064e-012 -7.07512e-012 -6.54135e-012 -6.02946e-012 -5.5644e-012 -5.14981e-012 -4.79163e-012 -4.48347e-012 -4.22476e-012 -4.00141e-012 -3.82261e-012 -3.65591e-012 -3.53749e-012 -3.40404e-012 -3.33079e-012 -3.21292e-012 -3.17665e-012 -3.05962e-012 
0.108094 0.0235691 0.00490701 0.000980295 0.000187821 3.43558e-005 5.94914e-006 9.62304e-007 1.42407e-007 1.8625e-008 2.01599e-009 1.53188e-010 3.71566e-012 1.76531e-012 5.16104e-012 7.61007e-012 9.44106e-012 1.05888e-011 1.10724e-011 1.10255e-011 1.06221e-011 1.00117e-011 9.31431e-012 8.60497e-012 7.93753e-012 7.33036e-012 6.80081e-012 6.34129e-012 5.95253e-012 5.62128e-012 5.34397e-012 5.10285e-012 4.90814e-012 4.72095e-012 4.58767e-012 4.42838e-012 4.34279e-012 4.19368e-012 4.1501e-012 3.99694e-012 
0.125578 0.0299349 0.00684519 0.00150894 0.000320794 6.55887e-005 1.28232e-005 2.37585e-006 4.11572e-007 6.52931e-008 9.16401e-009 1.06434e-009 8.44633e-011 -3.08396e-012 -8.45606e-012 -1.07217e-011 -1.27971e-011 -1.39683e-011 -1.42661e-011 -1.39359e-011 -1.32272e-011 -1.23268e-011 -1.13731e-011 -1.04445e-011 -9.59584e-012 -8.83889e-012 -8.18888e-012 -7.63102e-012 -7.16325e-012 -6.76891e-012 -6.43912e-012 -6.15797e-012 -5.92826e-012 -5.71499e-012 -5.55906e-012 -5.38178e-012 -5.28241e-012 -5.11988e-012 -5.06948e-012 -4.90448e-012 
0.144081 0.0373038 0.00930434 0.00224598 0.000525216 0.00011878 2.58767e-005 5.39637e-006 1.06747e-006 1.97656e-007 3.35784e-008 5.06477e-009 6.40459e-010 6.53018e-011 1.44006e-011 1.61585e-011 1.87089e-011 1.94034e-011 1.89969e-011 1.79784e-011 1.66733e-011 1.52881e-011 1.39646e-011 1.27638e-011 1.17259e-011 1.08386e-011 1.01053e-011 9.49137e-012 8.98906e-012 8.56901e-012 8.22016e-012 7.92012e-012 7.67339e-012 7.43689e-012 7.26406e-012 7.05574e-012 6.94181e-012 6.74083e-012 6.68152e-012 6.47162e-012 
0.163562 0.0457391 0.012371 0.00324947 0.000829933 0.000205908 4.94873e-005 1.14691e-005 2.54644e-006 5.36694e-007 1.05987e-007 1.92321e-008 3.10077e-009 4.07496e-010 2.16149e-011 -2.22809e-011 -2.55908e-011 -2.51509e-011 -2.39783e-011 -2.23406e-011 -2.05226e-011 -1.87276e-011 -1.70915e-011 -1.56499e-011 -1.44295e-011 -1.33951e-011 -1.25455e-011 -1.183e-011 -1.12418e-011 -1.0744e-011 -1.03244e-011 -9.96252e-012 -9.65682e-012 -9.37048e-012 -9.15178e-012 -8.90326e-012 -8.75753e-012 -8.52363e-012 -8.44729e-012 -8.20715e-012 
0.183982 0.0553035 0.0161391 0.00458833 0.00127242 0.000344021 9.05015e-005 2.30879e-005 5.68424e-006 1.34164e-006 3.00836e-007 6.32774e-008 1.22636e-008 2.14174e-009 3.40169e-010 6.7797e-011 3.6383e-011 3.33235e-011 3.12577e-011 2.85958e-011 2.58995e-011 2.34307e-011 2.13065e-011 1.95113e-011 1.80474e-011 1.68385e-011 1.58738e-011 1.50703e-011 1.4424e-011 1.38742e-011 1.34165e-011 1.30146e-011 1.26771e-011 1.23514e-011 1.2106e-011 1.18145e-011 1.16487e-011 1.13676e-011 1.12796e-011 1.09871e-011 
0.205308 0.06606 0.0207105 0.00634369 0.00190067 0.000556903 0.000159345 4.44103e-005 1.20123e-005 3.13769e-006 7.8626e-007 1.87324e-007 4.18892e-008 8.60929e-009 1.55256e-009 2.03329e-010 -1.66118e-011 -4.15129e-011 -3.95022e-011 -3.54431e-011 -3.19186e-011 -2.89335e-011 -2.64706e-011 -2.44332e-011 -2.28028e-011 -2.14551e-011 -2.03812e-011 -1.94652e-011 -1.87195e-011 -1.8062e-011 -1.75055e-011 -1.70029e-011 -1.65736e-011 -1.61589e-011 -1.58383e-011 -1.54712e-011 -1.52522e-011 -1.4907e-011 -1.47901e-011 -1.44377e-011 
0.227511 0.0780724 0.0261954 0.00861048 0.00277543 0.000877188 0.000271554 8.21819e-005 2.4245e-005 6.94612e-006 1.92298e-006 5.11094e-007 1.2931e-007 3.08027e-008 6.82123e-009 1.39953e-009 2.86821e-010 8.51934e-011 5.23117e-011 4.49874e-011 4.06957e-011 3.70134e-011 3.39918e-011 3.1525e-011 2.95919e-011 2.79942e-011 2.67373e-011 2.56489e-011 2.47771e-011 2.39878e-011 2.33382e-011 2.27319e-011 2.22345e-011 2.17361e-011 2.13704e-011 2.09318e-011 2.06863e-011 2.02767e-011 2.01463e-011 1.97295e-011 
0.250567 0.0914057 0.0327133 0.011499 0.00397279 0.00134899 0.000449829 0.00014708 4.70497e-005 1.46814e-005 4.45149e-006 1.30501e-006 3.67505e-007 9.85343e-008 2.48222e-008 5.73874e-009 1.14834e-009 1.51142e-010 -3.24069e-011 -5.46172e-011 -5.17191e-011 -4.71287e-011 -4.36227e-011 -4.0881e-011 -3.87778e-011 -3.6998e-011 -3.55964e-011 -3.43269e-011 -3.33084e-011 -3.23354e-011 -3.15441e-011 -3.07659e-011 -3.0146e-011 -2.94959e-011 -2.90375e-011 -2.84666e-011 -2.81596e-011 -2.76318e-011 -2.74687e-011 -2.6936e-011 
0.274455 0.106127 0.0403934 0.0151371 0.00558729 0.00203121 0.000726806 0.000255662 8.82515e-005 2.98234e-005 9.83679e-006 3.15464e-006 9.78938e-007 2.92162e-007 8.32159e-008 2.24089e-008 5.65321e-009 1.34204e-009 3.25855e-010 1.1136e-010 7.07491e-011 6.20485e-011 5.8247e-011 5.51302e-011 5.26233e-011 5.03972e-011 4.86538e-011 4.7012e-011 4.5728e-011 4.44498e-011 4.34718e-011 4.24564e-011 4.17224e-011 4.08904e-011 4.03753e-011 3.96574e-011 3.93291e-011 3.86726e-011 3.85021e-011 3.78423e-011 
0.299161 0.122308 0.049376 0.0196721 0.00773544 0.0030016 0.00114871 0.000433135 0.00016068 5.85314e-005 2.08856e-005 7.27796e-006 2.46729e-006 8.09817e-007 2.55732e-007 7.70365e-008 2.18547e-008 5.70546e-009 1.29384e-009 1.96325e-010 -4.03653e-011 -7.84295e-011 -7.91206e-011 -7.52029e-011 -7.20926e-011 -6.93882e-011 -6.73505e-011 -6.53091e-011 -6.37751e-011 -6.21422e-011 -6.09876e-011 -5.96676e-011 -5.8825e-011 -5.77217e-011 -5.71504e-011 -5.61725e-011 -5.582e-011 -5.48988e-011 -5.47177e-011 -5.37742e-011 
0.324674 0.140022 0.0598133 0.0252735 0.01056 0.00436188 0.0017802 0.000717266 0.00028496 0.000111454 4.28307e-005 1.61325e-005 5.9379e-006 2.1279e-006 7.39055e-007 2.47367e-007 7.92266e-008 2.40773e-008 6.8894e-009 1.86532e-009 5.13223e-010 1.86962e-010 1.18779e-010 1.05574e-010 1.01952e-010 9.87272e-011 9.6146e-011 9.33064e-011 9.1324e-011 8.90739e-011 8.76691e-011 8.58568e-011 8.49065e-011 8.33791e-011 8.27899e-011 8.14068e-011 8.10744e-011 7.97358e-011 7.95719e-011 7.81764e-011 
0.350989 0.159349 0.0718718 0.0321361 0.0142349 0.00624397 0.00271071 0.00116384 0.000493686 0.000206625 8.51882e-005 3.45282e-005 1.37249e-005 5.33466e-006 2.02015e-006 7.41933e-007 2.6272e-007 8.89788e-008 2.84801e-008 8.43276e-009 2.19473e-009 4.08971e-010 -4.43132e-011 -1.37115e-010 -1.47713e-010 -1.43317e-010 -1.39446e-010 -1.35493e-010 -1.33237e-010 -1.30285e-010 -1.28796e-010 -1.2634e-010 -1.25424e-010 -1.23237e-010 -1.22735e-010 -1.2061e-010 -1.20363e-010 -1.18173e-010 -1.18057e-010 -1.15694e-010 
0.378105 0.180376 0.0857337 0.0404836 0.0189714 0.00881778 0.00406269 0.00185423 0.000837577 0.000374037 0.000164908 7.16624e-005 3.06343e-005 1.28518e-005 5.27619e-006 2.11242e-006 8.21304e-007 3.08475e-007 1.11204e-007 3.81878e-008 1.2402e-008 3.81697e-009 1.16713e-009 4.27859e-010 2.49783e-010 2.13127e-010 2.07482e-010 2.03272e-010 2.01152e-010 1.96873e-010 1.95273e-010 1.9157e-010 1.90723e-010 1.87225e-010 1.86834e-010 1.83212e-010 1.83065e-010 1.79169e-010 1.79104e-010 1.74809e-010 
0.406026 0.203199 0.1016 0.0505728 0.0250251 0.0123008 0.00600245 0.00290582 0.00139449 0.000662751 0.000311586 0.000144711 6.62849e-005 2.98867e-005 1.3234e-005 5.73922e-006 2.42936e-006 9.99484e-007 3.97514e-007 1.51713e-007 5.4969e-008 1.85619e-008 5.61575e-009 1.33884e-009 6.33116e-011 -2.58552e-010 -3.1933e-010 -3.17262e-010 -3.12817e-010 -3.05222e-010 -3.0405e-010 -2.98229e-010 -2.97843e-010 -2.91774e-010 -2.91677e-010 -2.85015e-010 -2.85082e-010 -2.7765e-010 -2.77673e-010 -2.6934e-010 
0.434765 0.227924 0.119692 0.0626992 0.0327045 0.0169703 0.00875407 0.00448628 0.00228248 0.00115189 0.00057606 0.000285155 0.00013953 6.73807e-005 3.20539e-005 1.49881e-005 6.87062e-006 3.07789e-006 1.34229e-006 5.6717e-007 2.30835e-007 8.98616e-008 3.32015e-008 1.16011e-008 3.90158e-009 1.39553e-009 6.84124e-010 5.15008e-010 4.95207e-010 4.88205e-010 4.91552e-010 4.8077e-010 4.80786e-010 4.68603e-010 4.68794e-010 4.55412e-010 4.55616e-010 4.40404e-010 4.40409e-010 4.23305e-010 
0.464339 0.254671 0.140259 0.0772038 0.0423821 0.0231779 0.0126177 0.00683306 0.00367864 0.00196732 0.00104426 0.000549624 0.000286522 0.000147747 7.5246e-005 3.77817e-005 1.86637e-005 9.04763e-006 4.29107e-006 1.98353e-006 8.89311e-007 3.84223e-007 1.58522e-007 6.15369e-008 2.18833e-008 6.65358e-009 1.28916e-009 -3.69043e-010 -7.927e-010 -8.36037e-010 -8.31967e-010 -7.97678e-010 -7.9798e-010 -7.72302e-010 -7.7419e-010 -7.45569e-010 -7.45767e-010 -7.13076e-010 -7.13089e-010 -6.76575e-010 
0.494776 0.283576 0.163583 0.0944816 0.0545075 0.0313689 0.0179933 0.01028 0.00584612 0.00330707 0.00185951 0.00103842 0.000575387 0.000315999 0.000171795 9.23237e-005 4.89624e-005 2.55743e-005 1.31257e-005 6.60076e-006 3.24141e-006 1.54782e-006 7.14896e-007 3.17344e-007 1.34261e-007 5.37297e-008 2.02383e-008 7.36445e-009 2.93086e-009 1.61898e-009 1.38027e-009 1.32703e-009 1.36965e-009 1.31644e-009 1.32203e-009 1.25124e-009 1.25092e-009 1.17739e-009 1.17823e-009 1.09516e-009 
0.526109 0.314801 0.189982 0.114993 0.0696247 0.0421067 0.0254117 0.0152934 0.00917257 0.00547932 0.00325782 0.00192656 0.00113227 0.000660749 0.000382473 0.00021935 0.000124468 6.97729e-005 3.85671e-005 2.09747e-005 1.11935e-005 5.84255e-006 2.97036e-006 1.46279e-006 6.92775e-007 3.11907e-007 1.31303e-007 4.98034e-008 1.5641e-008 2.62751e-009 -1.62407e-009 -2.51643e-009 -2.61143e-009 -2.32895e-009 -2.30557e-009 -2.11579e-009 -2.14133e-009 -1.97014e-009 -1.96985e-009 -1.76392e-009 
0.558386 0.348532 0.219827 0.139281 0.0883946 0.0561041 0.0355763 0.022522 0.0142254 0.00895954 0.00562363 0.00351553 0.00218734 0.00135354 0.000832331 0.000508136 0.000307652 0.000184501 0.00010944 6.41017e-005 3.7001e-005 2.09979e-005 1.16814e-005 6.34789e-006 3.35404e-006 1.7137e-006 8.39654e-007 3.9127e-007 1.70567e-007 6.89911e-008 2.55084e-008 9.23589e-009 4.49688e-009 3.37061e-009 3.88045e-009 3.62223e-009 3.85683e-009 3.27936e-009 3.21916e-009 2.6814e-009 
0.591668 0.384996 0.253555 0.167989 0.111626 0.0742656 0.0494182 0.0328649 0.0218303 0.0144755 0.00957696 0.00631843 0.00415464 0.00272104 0.00177386 0.00115016 0.00074112 0.000474119 0.000300798 0.000189015 0.00011746 7.20597e-005 4.35463e-005 2.5854e-005 1.50308e-005 8.51964e-006 4.68304e-006 2.47448e-006 1.24507e-006 5.82777e-007 2.47672e-007 8.66085e-008 1.91182e-008 -4.84268e-009 -1.06239e-008 -8.0374e-009 -7.1536e-009 -3.95844e-009 -4.42355e-009 -3.22912e-009 
0.626034 0.424472 0.291688 0.201895 0.140317 0.0977471 0.0681742 0.0475688 0.0331856 0.0231355 0.0161103 0.0112002 0.00777026 0.00537673 0.00370885 0.00254882 0.00174396 0.00118715 0.000803326 0.000539851 0.000359897 0.000237704 0.00015531 0.000100195 6.36861e-005 3.977e-005 2.43141e-005 1.44899e-005 8.35906e-006 4.63876e-006 2.43224e-006 1.19536e-006 5.18552e-007 1.94093e-007 4.52954e-008 -3.54528e-009 -6.68256e-009 -6.85013e-009 8.90893e-009 1.42849e-009 
0.661591 0.467309 0.334873 0.241962 0.175724 0.12804 0.0934967 0.0683661 0.0500291 0.0366211 0.0268029 0.0196064 0.0143288 0.0104577 0.00761907 0.00553863 0.00401535 0.00290154 0.00208858 0.00149655 0.00106662 0.000755459 0.000531159 0.000370284 0.000255526 0.000174265 0.000117153 7.74372e-005 5.01247e-005 3.16066e-005 1.93052e-005 1.12509e-005 6.22673e-006 3.09023e-006 1.3799e-006 3.95194e-007 1.89123e-008 -1.1232e-007 -1.0447e-007 5.56767e-008 
0.698478 0.513963 0.383931 0.289408 0.219458 0.167105 0.127624 0.097687 0.0748957 0.0574901 0.0441652 0.0339442 0.0260921 0.0200527 0.0154033 0.0118218 0.00906217 0.00693568 0.00529751 0.00403624 0.00306607 0.00232071 0.0017491 0.00131158 0.000977709 0.000723568 0.000531127 0.000385798 0.000277004 0.000195796 0.000135973 9.21798e-005 6.05394e-005 3.82962e-005 2.243e-005 1.23666e-005 4.99239e-006 1.51484e-006 -1.36413e-006 -1.88378e-006 
0.736892 0.565053 0.439958 0.345852 0.273668 0.217597 0.173657 0.139001 0.11153 0.0896663 0.0722073 0.0582264 0.0470036 0.0379758 0.0307004 0.0248279 0.0200812 0.0162399 0.0131283 0.0106056 0.00855929 0.00689866 0.00555071 0.00445676 0.00356884 0.00284912 0.00226526 0.00179356 0.00141107 0.00110416 0.000855103 0.000657714 0.000497182 0.000372147 0.000270833 0.000192434 0.000132093 8.12969e-005 5.22306e-005 1.30176e-005 
0.777128 0.621486 0.504528 0.413588 0.341402 0.283315 0.236115 0.197479 0.16567 0.139355 0.117497 0.0992782 0.0840443 0.0712708 0.0605326 0.0514844 0.0438433 0.0373776 0.0318958 0.0272404 0.0232795 0.0199051 0.0170251 0.0145649 0.0124594 0.0106564 0.00911021 0.00778225 0.00664365 0.00565981 0.0048219 0.00408611 0.00347476 0.00291399 0.0024801 0.00203542 0.0017504 0.00136992 0.0012235 0.000856162 
0.819668 0.684738 0.580174 0.49627 0.427493 0.370299 0.322244 0.281545 0.246857 0.217138 0.19156 0.16946 0.150297 0.133627 0.119084 0.10636 0.0952009 0.085388 0.0767415 0.0691022 0.0623443 0.056345 0.0510222 0.0462704 0.0420506 0.0382532 0.0348918 0.0318256 0.029144 0.0266341 0.0245041 0.0224086 0.020743 0.0189399 0.0176869 0.016064 0.0152043 0.01365 0.0131967 0.0115913 
0.86474 0.755683 0.66864 0.596726 0.536024 0.484035 0.439035 0.399765 0.365272 0.334811 0.307785 0.28371 0.262187 0.24288 0.225514 0.209844 0.195676 0.182822 0.171155 0.160509 0.150822 0.141924 0.133827 0.126318 0.119517 0.113114 0.107391 0.10186 0.0970552 0.0921973 0.0882026 0.0838385 0.0805914 0.0765499 0.0740312 0.0701386 0.0683729 0.0644431 0.0635007 0.0593252 
0.909499 0.827576 0.760521 0.703729 0.65458 0.611415 0.573098 0.538808 0.507922 0.479953 0.454512 0.431279 0.409993 0.390425 0.372397 0.355727 0.340307 0.325967 0.31267 0.300223 0.288683 0.277783 0.267722 0.258086 0.249296 0.240684 0.233015 0.225214 0.218565 0.211377 0.205694 0.198924 0.194198 0.187643 0.183914 0.177355 0.17471 0.167902 0.166482 0.159144 
0.943031 0.877685 0.824363 0.778728 0.73864 0.702845 0.670522 0.641093 0.614127 0.589289 0.566316 0.544988 0.525131 0.506582 0.489231 0.472934 0.457646 0.443203 0.429644 0.416741 0.40466 0.393039 0.382247 0.371688 0.362048 0.352352 0.343773 0.334752 0.327185 0.318652 0.312092 0.303851 0.298334 0.290174 0.285783 0.277465 0.274332 0.265586 0.263899 0.254411 
