0 0
0.02 2.78591e-024
0.04 1.11436e-023
0.06 3.62168e-023
0.08 1.11436e-022
0.1 3.37095e-022
0.12 1.01407e-021
0.14 3.045e-021
0.16 9.13779e-021
0.18 2.74162e-020
0.2 8.22512e-020
0.22 2.46757e-019
0.24 7.40272e-019
0.26 2.22082e-018
0.28 6.66246e-018
0.3 1.99874e-017
0.32 5.99622e-017
0.34 1.79887e-016
0.36 5.3966e-016
0.38 1.61898e-015
0.4 4.85694e-015
0.42 1.45708e-014
0.44 4.37124e-014
0.46 1.31137e-013
0.48 3.93412e-013
0.5 1.18024e-012
0.52 3.54071e-012
0.54 1.06221e-011
0.56 3.18664e-011
0.58 9.55991e-011
0.6 2.86797e-010
0.62 8.60392e-010
0.64 2.58117e-009
0.66 7.74352e-009
0.68 2.32306e-008
0.7 6.96917e-008
0.72 2.09075e-007
0.74 6.27225e-007
0.76 1.88168e-006
0.78 5.64503e-006
0.8 1.69351e-005
0.82 5.08053e-005
0.84 0.000152416
0.86 0.000457247
0.88 0.00137174
0.9 0.00411523
0.92 0.0123457
0.94 0.037037
0.96 0.111111
0.98 0.333333
1 1