300 300 300 300 300 300 300 300 300 
75 184.049 224.743 241.08 246.288 243.593 230.581 195.713 100 
75 136.455 173.842 193.288 200.478 197.504 183.019 152.272 100 
75 112.928 140.882 157.754 164.831 162.924 151.72 130.356 100 
75 99.3751 119.005 132.016 138.17 137.642 130.582 117.433 100 
75 90.5672 103.749 113.134 118.191 118.894 115.533 108.792 100 
75 84.1453 92.2885 98.582 102.566 104.208 103.865 102.203 100 
75 78.7259 82.6783 86.34 89.283 91.5099 93.5164 96.1541 100 
75 73.0801 73.3593 74.8172 76.7165 79.0324 82.5367 88.8976 100 
75 65.2355 62.862 62.8532 63.7341 65.3667 68.7007 76.8996 100 
50 50 50 50 50 50 50 50 50 
